family	series_id	series_display	is_main_series	reform	reform_display	spec_name	event_time	event_token	is_reference	observed_in_sample	beta	se	pvalue	n_obs	r2
exact	Haifa_Legacy_KL	Haifa-Legacy	1	competition	Competition clock	baseline	-12	-12	0	1	0.16106518311237572	8.881784197001144e-16	0.0	37	1.0
exact	Haifa_Legacy_KL	Haifa-Legacy	1	competition	Competition clock	baseline	-11	-11	0	1	0.07009794162648618	4.440892098500619e-15	0.0	37	1.0
exact	Haifa_Legacy_KL	Haifa-Legacy	1	competition	Competition clock	baseline	-10	-10	0	1	0.1837386809567647	4.440892098500621e-15	0.0	37	1.0
exact	Haifa_Legacy_KL	Haifa-Legacy	1	competition	Competition clock	baseline	-9	-9	0	1	0.1626543372838977	8.881784197001013e-16	0.0	37	1.0
exact	Haifa_Legacy_KL	Haifa-Legacy	1	competition	Competition clock	baseline	-8	-8	0	1	-0.06263310101653818	1.7763568394002229e-15	0.0	37	1.0
exact	Haifa_Legacy_KL	Haifa-Legacy	1	competition	Competition clock	baseline	-7	-7	0	1	-0.005876155691643558			37	1.0
exact	Haifa_Legacy_KL	Haifa-Legacy	1	competition	Competition clock	baseline	-6	-6	0	1	-0.07345190742101337	3.552713678800483e-15	0.0	37	1.0
exact	Haifa_Legacy_KL	Haifa-Legacy	1	competition	Competition clock	baseline	-5	-5	0	1	-0.08530415823856768	8.881784197001076e-16	0.0	37	1.0
exact	Haifa_Legacy_KL	Haifa-Legacy	1	competition	Competition clock	baseline	-4	-4	0	1	-0.04966972047084628	1.7763568394002303e-15	0.0	37	1.0
exact	Haifa_Legacy_KL	Haifa-Legacy	1	competition	Competition clock	baseline	-3	-3	0	1	-0.07550969744388225	1.7763568394002323e-15	0.0	37	1.0
exact	Haifa_Legacy_KL	Haifa-Legacy	1	competition	Competition clock	baseline	-2	-2	0	1	0.012870933022236741			37	1.0
exact	Haifa_Legacy_KL	Haifa-Legacy	1	competition	Competition clock	baseline	-1	-1	1	1	0.0	0.0		37	1.0
exact	Haifa_Legacy_KL	Haifa-Legacy	1	competition	Competition clock	baseline	0	0	0	1	0.08362449415858908	3.5527136788004907e-15	0.0	37	1.0
exact	Haifa_Legacy_KL	Haifa-Legacy	1	competition	Competition clock	baseline	1	1	0	1	-0.044411903778108705			37	1.0
exact	Haifa_Legacy_KL	Haifa-Legacy	1	competition	Competition clock	baseline	2	2	0	1	0.05299963072147751	1.776356839400233e-15	0.0	37	1.0
exact	Haifa_Legacy_KL	Haifa-Legacy	1	competition	Competition clock	baseline	3	3	0	1	0.02148664039366049	1.7763568394002412e-15	0.0	37	1.0
exact	Haifa_Legacy_KL	Haifa-Legacy	1	competition	Competition clock	baseline	4	4	0	1	-0.17204295742337017	8.881784197000906e-16	0.0	37	1.0
exact	Haifa_Legacy_KL	Haifa-Legacy	1	competition	Competition clock	baseline	5	5	0	1	-0.16856114164873773	2.6645352591003666e-15	0.0	37	1.0
exact	Haifa_Legacy_KL	Haifa-Legacy	1	competition	Competition clock	baseline	6	6	0	1	-0.24249211374158808	8.881784197000964e-16	0.0	37	1.0
exact	Haifa_Legacy_KL	Haifa-Legacy	1	competition	Competition clock	baseline	7	7	0	1	-0.07123238812913622	1.7763568394002327e-15	0.0	37	1.0
exact	Haifa_Legacy_KL	Haifa-Legacy	1	competition	Competition clock	baseline	8	8	0	1	0.11654186232251096	8.881784197000929e-16	0.0	37	1.0
exact	Haifa_Legacy_KL	Haifa-Legacy	1	competition	Competition clock	baseline	9	9	0	1	0.11823991396451088			37	1.0
exact	Haifa_Legacy_KL	Haifa-Legacy	1	competition	Competition clock	baseline	10	10	0	1	0.42971347906935087	1.77635683940023e-15	0.0	37	1.0
exact	Haifa_Legacy_KL	Haifa-Legacy	1	competition	Competition clock	baseline	11	11	0	1	0.41257595707737127	8.881784197000906e-16	0.0	37	1.0
exact	Haifa_Legacy_KL	Haifa-Legacy	1	competition	Competition clock	baseline	12	12	0	1	0.8516863210922789	8.881784197000872e-16	0.0	37	1.0
exact	Haifa_Legacy_KL	Haifa-Legacy	1	competition	Competition clock	baseline	13	13	0	1	0.9325990922497023	1.7763568394002278e-15	0.0	37	1.0
exact	Haifa_Legacy_KL	Haifa-Legacy	1	competition	Competition clock	baseline	14	14	0	1	1.9975966794312958	3.5527136788004954e-15	0.0	37	1.0
exact	Haifa_Legacy_KL	Haifa-Legacy	1	competition	Competition clock	baseline	15	15	0	1	2.0460257416827656	2.6645352591003698e-15	0.0	37	1.0
exact	Haifa_Legacy_KL	Haifa-Legacy	1	competition	Competition clock	baseline	16	16	0	1	0.13301785451089376	1.0607465767471827e-15	0.0	37	1.0
exact	Haifa_Legacy_KL	Haifa-Legacy	1	competition	Competition clock	baseline	17	17	0	1	0.046209960913733195	1.255372837131326e-15	0.0	37	1.0
exact	Haifa_Legacy_KL	Haifa-Legacy	1	competition	Competition clock	baseline	18	18	0	1	3.546468914399835	1.0607465767471807e-15	0.0	37	1.0
exact	Haifa_Legacy_KL	Haifa-Legacy	1	competition	Competition clock	baseline	19	19	0	1	0.383539541641329	1.7276113996214016e-15	0.0	37	1.0
exact	Haifa_Legacy_KL	Haifa-Legacy	1	competition	Competition clock	baseline	20	20	0	1	-1.0437738619639103	8.54840831658359e-16	0.0	37	1.0
exact	Haifa_Legacy_KL	Haifa-Legacy	1	competition	Competition clock	baseline	21	21	0	1	-0.8300951162437387	1.7758611349565549e-15	0.0	37	1.0
exact	Haifa_Legacy_KL	Haifa-Legacy	1	competition	Competition clock	baseline	22	22	0	1	-0.763346728763461	6.9078970291205e-16	0.0	37	1.0
exact	Haifa_Legacy_KL	Haifa-Legacy	1	competition	Competition clock	baseline	23	23	0	1	-0.2448963464171704	8.595199232945706e-16	0.0	37	1.0
exact	Haifa_Legacy_KL	Haifa-Legacy	1	competition	Competition clock	baseline	24	24	0	1	0.7202266808855171	8.59519923294575e-16	0.0	37	1.0
exact	Haifa_Legacy_KL	Haifa-Legacy	1	competition	Competition clock	ctrl_trend	-12	-12	0	1	1.223564661351424	9.956701836694595e-15	0.0	37	1.0
exact	Haifa_Legacy_KL	Haifa-Legacy	1	competition	Competition clock	ctrl_trend	-11	-11	0	1	1.0360065582073976	3.058237950354801e-14	0.0	37	1.0
exact	Haifa_Legacy_KL	Haifa-Legacy	1	competition	Competition clock	ctrl_trend	-10	-10	0	1	1.0530564358796202	4.936454040273151e-15	0.0	37	1.0
exact	Haifa_Legacy_KL	Haifa-Legacy	1	competition	Competition clock	ctrl_trend	-9	-9	0	1	0.9353812305486515	6.729671214242248e-15	0.0	37	1.0
exact	Haifa_Legacy_KL	Haifa-Legacy	1	competition	Competition clock	ctrl_trend	-8	-8	0	1	0.6135029305901174	8.177643923840794e-15	0.0	37	1.0
exact	Haifa_Legacy_KL	Haifa-Legacy	1	competition	Competition clock	ctrl_trend	-7	-7	0	1	0.5736690142569193	8.395619176673649e-15	0.0	37	1.0
exact	Haifa_Legacy_KL	Haifa-Legacy	1	competition	Competition clock	ctrl_trend	-6	-6	0	1	0.409502400869461	5.9004011654064716e-15	0.0	37	1.0
exact	Haifa_Legacy_KL	Haifa-Legacy	1	competition	Competition clock	ctrl_trend	-5	-5	0	1	0.3010592883938044	7.916402494662533e-15	0.0	37	1.0
exact	Haifa_Legacy_KL	Haifa-Legacy	1	competition	Competition clock	ctrl_trend	-4	-4	0	1	0.24010286450342733	1.0286322987476198e-14	0.0	37	1.0
exact	Haifa_Legacy_KL	Haifa-Legacy	1	competition	Competition clock	ctrl_trend	-3	-3	0	1	0.11767202587230599	3.610320876892917e-15	0.0	37	1.0
exact	Haifa_Legacy_KL	Haifa-Legacy	1	competition	Competition clock	ctrl_trend	-2	-2	0	1	0.10946179468032913	3.736853417780993e-15	0.0	37	1.0
exact	Haifa_Legacy_KL	Haifa-Legacy	1	competition	Competition clock	ctrl_trend	-1	-1	1	1	0.0	0.0		37	1.0
exact	Haifa_Legacy_KL	Haifa-Legacy	1	competition	Competition clock	ctrl_trend	0	0	0	1	-0.012966367499504194	4.35682179644773e-15	0.0	37	1.0
exact	Haifa_Legacy_KL	Haifa-Legacy	1	competition	Competition clock	ctrl_trend	1	1	0	1	-0.23759362709429627	3.8445515305956786e-15	0.0	37	1.0
exact	Haifa_Legacy_KL	Haifa-Legacy	1	competition	Competition clock	ctrl_trend	2	2	0	1	-0.2367729542528103	7.255033019855307e-15	0.0	37	1.0
exact	Haifa_Legacy_KL	Haifa-Legacy	1	competition	Competition clock	ctrl_trend	3	3	0	1	-0.36487680623872476	1.0385250900502765e-14	0.0	37	1.0
exact	Haifa_Legacy_KL	Haifa-Legacy	1	competition	Competition clock	ctrl_trend	4	4	0	1	-0.0734268332721646	5.094633677671723e-15	0.0	37	1.0
exact	Haifa_Legacy_KL	Haifa-Legacy	1	competition	Competition clock	ctrl_trend	5	5	0	1	-0.16653587915562706	7.082768211765988e-15	0.0	37	1.0
exact	Haifa_Legacy_KL	Haifa-Legacy	1	competition	Competition clock	ctrl_trend	6	6	0	1	-0.3370577129065766	7.193580445343838e-15	0.0	37	1.0
exact	Haifa_Legacy_KL	Haifa-Legacy	1	competition	Competition clock	ctrl_trend	7	7	0	1	-0.26238884895222014	1.0438711473563855e-14	0.0	37	1.0
exact	Haifa_Legacy_KL	Haifa-Legacy	1	competition	Competition clock	ctrl_trend	8	8	0	1	-0.17120546015866545	6.052017187741619e-15	0.0	37	1.0
exact	Haifa_Legacy_KL	Haifa-Legacy	1	competition	Competition clock	ctrl_trend	9	9	0	1	-0.2660982701747554	3.88768753448621e-15	0.0	37	1.0
exact	Haifa_Legacy_KL	Haifa-Legacy	1	competition	Competition clock	ctrl_trend	10	10	0	1	-0.051215566728017414	7.456754707464591e-15	0.0	37	1.0
exact	Haifa_Legacy_KL	Haifa-Legacy	1	competition	Competition clock	ctrl_trend	11	11	0	1	-0.1649439503780914	9.81685375123056e-15	0.0	37	1.0
exact	Haifa_Legacy_KL	Haifa-Legacy	1	competition	Competition clock	ctrl_trend	12	12	0	1	0.177575551978725	6.097400745642972e-15	0.0	37	1.0
exact	Haifa_Legacy_KL	Haifa-Legacy	1	competition	Competition clock	ctrl_trend	13	13	0	1	0.1618974614780524	7.244494127040072e-15	0.0	37	1.0
exact	Haifa_Legacy_KL	Haifa-Legacy	1	competition	Competition clock	ctrl_trend	14	14	0	1	1.1303041870015447	1.2548363910589084e-14	0.0	37	1.0
exact	Haifa_Legacy_KL	Haifa-Legacy	1	competition	Competition clock	ctrl_trend	15	15	0	1	1.082142387594935	6.226312260400126e-15	0.0	37	1.0
exact	Haifa_Legacy_KL	Haifa-Legacy	1	competition	Competition clock	ctrl_trend	16	16	0	1	0.2540095893951513	3.0680857685339826e-15	0.0	37	1.0
exact	Haifa_Legacy_KL	Haifa-Legacy	1	competition	Competition clock	ctrl_trend	17	17	0	1	0.070610834139889	6.080765353070519e-15	0.0	37	1.0
exact	Haifa_Legacy_KL	Haifa-Legacy	1	competition	Competition clock	ctrl_trend	18	18	0	1	3.474278925967891	1.2792391703694351e-14	0.0	37	1.0
exact	Haifa_Legacy_KL	Haifa-Legacy	1	competition	Competition clock	ctrl_trend	19	19	0	1	0.21475869155129956	3.1950362574191025e-15	0.0	37	1.0
exact	Haifa_Legacy_KL	Haifa-Legacy	1	competition	Competition clock	ctrl_trend	20	20	0	1	-1.3091455737120299	3.782360948053079e-15	0.0	37	1.0
exact	Haifa_Legacy_KL	Haifa-Legacy	1	competition	Competition clock	ctrl_trend	21	21	0	1	-1.1920576896499555	5.0387586563474976e-15	0.0	37	1.0
exact	Haifa_Legacy_KL	Haifa-Legacy	1	competition	Competition clock	ctrl_trend	22	22	0	1	-1.2219001638277587	9.841038183910366e-15	0.0	37	1.0
exact	Haifa_Legacy_KL	Haifa-Legacy	1	competition	Competition clock	ctrl_trend	23	23	0	1	-0.7915694749820109	1.1351638959530333e-14	0.0	37	1.0
exact	Haifa_Legacy_KL	Haifa-Legacy	1	competition	Competition clock	ctrl_trend	24	24	0	1	0.0769626906625982	5.349291015262709e-15	0.0	37	1.0
exact	Haifa_Legacy_KL	Haifa-Legacy	1	privatization	Privatization clock	baseline	-12	-12	0	1	-0.0023990163987903657	5.645656280000641e-15	0.0	36	1.0
exact	Haifa_Legacy_KL	Haifa-Legacy	1	privatization	Privatization clock	baseline	-11	-11	0	1	0.0010827993758386611	3.028092692322796e-15	0.0	36	1.0
exact	Haifa_Legacy_KL	Haifa-Legacy	1	privatization	Privatization clock	baseline	-10	-10	0	1	-0.07284817271701538	3.11719213465293e-15	0.0	36	1.0
exact	Haifa_Legacy_KL	Haifa-Legacy	1	privatization	Privatization clock	baseline	-9	-9	0	1	0.09841155289544634	4.6295124778644984e-15	0.0	36	1.0
exact	Haifa_Legacy_KL	Haifa-Legacy	1	privatization	Privatization clock	baseline	-8	-8	0	1	0.28618580334708943	3.5486968723274316e-15	0.0	36	1.0
exact	Haifa_Legacy_KL	Haifa-Legacy	1	privatization	Privatization clock	baseline	-7	-7	0	1	0.28788385498908964	2.5757729033751125e-15	0.0	36	1.0
exact	Haifa_Legacy_KL	Haifa-Legacy	1	privatization	Privatization clock	baseline	-6	-6	0	1	0.5993574200939267	1.8402523739334406e-15	0.0	36	1.0
exact	Haifa_Legacy_KL	Haifa-Legacy	1	privatization	Privatization clock	baseline	-5	-5	0	1	0.5822198981019526	3.516629155224164e-15	0.0	36	1.0
exact	Haifa_Legacy_KL	Haifa-Legacy	1	privatization	Privatization clock	baseline	-4	-4	0	1	1.0213302621168596	5.3867553249157994e-15	0.0	36	1.0
exact	Haifa_Legacy_KL	Haifa-Legacy	1	privatization	Privatization clock	baseline	-3	-3	0	1	-1.1134266494330678	3.131200106628006e-15	0.0	36	1.0
exact	Haifa_Legacy_KL	Haifa-Legacy	1	privatization	Privatization clock	baseline	-2	-2	0	1	-0.04842906225147825	3.0583715352488826e-15	0.0	36	1.0
exact	Haifa_Legacy_KL	Haifa-Legacy	1	privatization	Privatization clock	baseline	-1	-1	1	1	0.0	0.0		36	1.0
exact	Haifa_Legacy_KL	Haifa-Legacy	1	privatization	Privatization clock	baseline	0	0	0	1	-0.4409873226771994	2.556614181262314e-15	0.0	36	1.0
exact	Haifa_Legacy_KL	Haifa-Legacy	1	privatization	Privatization clock	baseline	1	1	0	1	-0.5277952162743608	3.356998883401274e-15	0.0	36	1.0
exact	Haifa_Legacy_KL	Haifa-Legacy	1	privatization	Privatization clock	baseline	2	2	0	1	2.972463737211741	3.783145610336722e-15	0.0	36	1.0
exact	Haifa_Legacy_KL	Haifa-Legacy	1	privatization	Privatization clock	baseline	3	3	0	1	-0.19046563554676416	5.2759378799222916e-15	0.0	36	1.0
exact	Haifa_Legacy_KL	Haifa-Legacy	1	privatization	Privatization clock	baseline	4	4	0	1	-1.617779039152004	5.3078812870950224e-15	0.0	36	1.0
exact	Haifa_Legacy_KL	Haifa-Legacy	1	privatization	Privatization clock	baseline	5	5	0	1	-1.4041002934318312	6.4310846920708186e-15	0.0	36	1.0
exact	Haifa_Legacy_KL	Haifa-Legacy	1	privatization	Privatization clock	baseline	6	6	0	1	-1.3373519059515555	5.178925639311174e-15	0.0	36	1.0
exact	Haifa_Legacy_KL	Haifa-Legacy	1	privatization	Privatization clock	baseline	7	7	0	1	-1.8155917536315933	5.687116766346712e-15	0.0	36	1.0
exact	Haifa_Legacy_KL	Haifa-Legacy	1	privatization	Privatization clock	baseline	8	8	0	1	-0.8504687263289075	4.528839093602972e-15	0.0	36	1.0
exact	Haifa_Legacy_KL	Haifa-Legacy	1	privatization	Privatization clock	baseline	9	9	0	1	-0.6914561495598046	1.1735655290742832e-15	0.0	36	1.0
exact	Haifa_Legacy_KL	Haifa-Legacy	1	privatization	Privatization clock	baseline	10	10	0	1	-0.19266686027311675	1.2703760546728557e-15	0.0	36	1.0
exact	Haifa_Legacy_KL	Haifa-Legacy	1	privatization	Privatization clock	baseline	11	11	0	1	-0.01870757762650177	1.7573625367414106e-15	0.0	36	1.0
exact	Haifa_Legacy_KL	Haifa-Legacy	1	privatization	Privatization clock	baseline	12	12	0	1	0.34390169249290636	2.4172589871804355e-15	0.0	36	1.0
exact	Haifa_Legacy_KL	Haifa-Legacy	1	privatization	Privatization clock	baseline	13	13	0	1	0.20775718211890615	1.776894985652775e-15	0.0	36	1.0
exact	Haifa_Legacy_KL	Haifa-Legacy	1	privatization	Privatization clock	baseline	14	14	0	1	0.9548729042847173	9.95384805227659e-16	0.0	36	1.0
exact	Haifa_Legacy_KL	Haifa-Legacy	1	privatization	Privatization clock	baseline	15	15	0	1	0.08403394837937661	8.902489223363252e-16	0.0	36	1.0
exact	Haifa_Legacy_KL	Haifa-Legacy	1	privatization	Privatization clock	baseline	16	16	0	1	0.7913902539726623	2.7565303878728647e-15	0.0	36	1.0
exact	Haifa_Legacy_KL	Haifa-Legacy	1	privatization	Privatization clock	baseline	17	17	0	1	0.1117071621028094	1.826669870858974e-15	0.0	36	1.0
exact	Haifa_Legacy_KL	Haifa-Legacy	1	privatization	Privatization clock	baseline	18	18	0	1	-0.0774162950517514	1.7914457357644566e-15	0.0	36	1.0
exact	Haifa_Legacy_KL	Haifa-Legacy	1	privatization	Privatization clock	baseline	19	19	0	1	-0.10976337156716465	1.8032635660085166e-15	0.0	36	1.0
exact	Haifa_Legacy_KL	Haifa-Legacy	1	privatization	Privatization clock	baseline	20	20	0	1	-0.19899218364833704	1.8497800263042433e-15	0.0	36	1.0
exact	Haifa_Legacy_KL	Haifa-Legacy	1	privatization	Privatization clock	baseline	21	21	0	1	-0.12152394785758291	1.972050824160011e-15	0.0	36	1.0
exact	Haifa_Legacy_KL	Haifa-Legacy	1	privatization	Privatization clock	baseline	22	22	0	1	-0.2868976436027735	2.964447061394284e-15	0.0	36	1.0
exact	Haifa_Legacy_KL	Haifa-Legacy	1	privatization	Privatization clock	baseline	23	23	0	1	-0.031234327647005067	1.1735655290742832e-15	0.0	36	1.0
exact	Haifa_Legacy_KL	Haifa-Legacy	1	privatization	Privatization clock	ctrl_trend	-12	-12	0	1	0.11907361802501759	1.830533376849211e-14	0.0	36	1.0
exact	Haifa_Legacy_KL	Haifa-Legacy	1	privatization	Privatization clock	ctrl_trend	-11	-11	0	1	0.04088657504098192	1.870217568708676e-14	0.0	36	1.0
exact	Haifa_Legacy_KL	Haifa-Legacy	1	privatization	Privatization clock	ctrl_trend	-10	-10	0	1	-0.11471325581050529	1.387427635484795e-14	0.0	36	1.0
exact	Haifa_Legacy_KL	Haifa-Legacy	1	privatization	Privatization clock	ctrl_trend	-9	-9	0	1	-0.025122388956683395	8.836126196002776e-15	0.0	36	1.0
exact	Haifa_Legacy_KL	Haifa-Legacy	1	privatization	Privatization clock	ctrl_trend	-8	-8	0	1	0.0809830027363243	8.051545918973285e-15	0.0	36	1.0
exact	Haifa_Legacy_KL	Haifa-Legacy	1	privatization	Privatization clock	ctrl_trend	-7	-7	0	1	0.0010121956196917914	5.614583385545816e-15	0.0	36	1.0
exact	Haifa_Legacy_KL	Haifa-Legacy	1	privatization	Privatization clock	ctrl_trend	-6	-6	0	1	0.23081690196589566	4.540808848674502e-15	0.0	36	1.0
exact	Haifa_Legacy_KL	Haifa-Legacy	1	privatization	Privatization clock	ctrl_trend	-5	-5	0	1	0.13201052121527024	1.4883543035383502e-14	0.0	36	1.0
exact	Haifa_Legacy_KL	Haifa-Legacy	1	privatization	Privatization clock	ctrl_trend	-4	-4	0	1	0.4894520264715423	1.3999745886546347e-14	0.0	36	1.0
exact	Haifa_Legacy_KL	Haifa-Legacy	1	privatization	Privatization clock	ctrl_trend	-3	-3	0	1	-0.9500889319157969	1.0047743255867203e-14	0.0	36	1.0
exact	Haifa_Legacy_KL	Haifa-Legacy	1	privatization	Privatization clock	ctrl_trend	-2	-2	0	1	0.033239796507158914	6.927497661876321e-15	0.0	36	1.0
exact	Haifa_Legacy_KL	Haifa-Legacy	1	privatization	Privatization clock	ctrl_trend	-1	-1	1	1	0.0	0.0		36	1.0
exact	Haifa_Legacy_KL	Haifa-Legacy	1	privatization	Privatization clock	ctrl_trend	0	0	0	1	-0.5226561814358313	5.5724386885361405e-15	0.0	36	1.0
exact	Haifa_Legacy_KL	Haifa-Legacy	1	privatization	Privatization clock	ctrl_trend	1	1	0	1	-0.6911329337916428	1.4033067351114562e-14	0.0	36	1.0
exact	Haifa_Legacy_KL	Haifa-Legacy	1	privatization	Privatization clock	ctrl_trend	2	2	0	1	2.7274571609358267	1.3097481386858487e-14	0.0	36	1.0
exact	Haifa_Legacy_KL	Haifa-Legacy	1	privatization	Privatization clock	ctrl_trend	3	3	0	1	-0.5171410705813165	1.4734851885489577e-14	0.0	36	1.0
exact	Haifa_Legacy_KL	Haifa-Legacy	1	privatization	Privatization clock	ctrl_trend	4	4	0	1	-2.0261233329451898	1.482642327256834e-14	0.0	36	1.0
exact	Haifa_Legacy_KL	Haifa-Legacy	1	privatization	Privatization clock	ctrl_trend	5	5	0	1	-1.894113445983642	1.0336312289601272e-14	0.0	36	1.0
exact	Haifa_Legacy_KL	Haifa-Legacy	1	privatization	Privatization clock	ctrl_trend	6	6	0	1	-1.9090339172620112	1.5993742892118123e-14	0.0	36	1.0
exact	Haifa_Legacy_KL	Haifa-Legacy	1	privatization	Privatization clock	ctrl_trend	7	7	0	1	-2.4689426237006664	1.3290814471296814e-14	0.0	36	1.0
exact	Haifa_Legacy_KL	Haifa-Legacy	1	privatization	Privatization clock	ctrl_trend	8	8	0	1	-1.5854884551566304	1.3095128524717747e-14	0.0	36	1.0
exact	Haifa_Legacy_KL	Haifa-Legacy	1	privatization	Privatization clock	ctrl_trend	9	9	0	1	-0.2142986607440185	1.2079051062660253e-14	0.0	36	1.0
exact	Haifa_Legacy_KL	Haifa-Legacy	1	privatization	Privatization clock	ctrl_trend	10	10	0	1	0.20282176978401845	8.329682564324177e-15	0.0	36	1.0
exact	Haifa_Legacy_KL	Haifa-Legacy	1	privatization	Privatization clock	ctrl_trend	11	11	0	1	0.29511219367198205	1.7538275739369575e-14	0.0	36	1.0
exact	Haifa_Legacy_KL	Haifa-Legacy	1	privatization	Privatization clock	ctrl_trend	12	12	0	1	0.5760526050327455	2.3902596309977084e-14	0.0	36	1.0
exact	Haifa_Legacy_KL	Haifa-Legacy	1	privatization	Privatization clock	ctrl_trend	13	13	0	1	0.35823923590012674	8.451656147247688e-15	0.0	36	1.0
exact	Haifa_Legacy_KL	Haifa-Legacy	1	privatization	Privatization clock	ctrl_trend	14	14	0	1	1.023686099307283	2.28649788229878e-14	0.0	36	1.0
exact	Haifa_Legacy_KL	Haifa-Legacy	1	privatization	Privatization clock	ctrl_trend	15	15	0	1	0.07117828464332776	4.923440619192722e-15	0.0	36	1.0
exact	Haifa_Legacy_KL	Haifa-Legacy	1	privatization	Privatization clock	ctrl_trend	16	16	0	1	0.6968657314779598	1.5613850314114265e-14	0.0	36	1.0
exact	Haifa_Legacy_KL	Haifa-Legacy	1	privatization	Privatization clock	ctrl_trend	17	17	0	1	-0.06448621915051378	5.831517775550129e-15	0.0	36	1.0
exact	Haifa_Legacy_KL	Haifa-Legacy	1	privatization	Privatization clock	ctrl_trend	18	18	0	1	-0.3352785350637246	1.732867088510911e-14	0.0	36	1.0
exact	Haifa_Legacy_KL	Haifa-Legacy	1	privatization	Privatization clock	ctrl_trend	19	19	0	1	-0.4492944703377595	7.268182777972453e-15	0.0	36	1.0
exact	Haifa_Legacy_KL	Haifa-Legacy	1	privatization	Privatization clock	ctrl_trend	20	20	0	1	-0.6201921411775784	1.4481147909063154e-14	0.0	36	1.0
exact	Haifa_Legacy_KL	Haifa-Legacy	1	privatization	Privatization clock	ctrl_trend	21	21	0	1	-0.6243927641454432	8.946410646813256e-15	0.0	36	1.0
exact	Haifa_Legacy_KL	Haifa-Legacy	1	privatization	Privatization clock	ctrl_trend	22	22	0	1	-0.8714353186492874	1.4001944403016874e-14	0.0	36	1.0
exact	Haifa_Legacy_KL	Haifa-Legacy	1	privatization	Privatization clock	ctrl_trend	23	23	0	1	-0.6974408614521339	1.0391294461104665e-14	0.0	36	1.0
exact	Haifa_port_KL	Aggregate port	1	competition	Competition clock	baseline	-12	-12	0	1	0.1606907999865257	3.972054645195757e-15	0.0	37	1.0
exact	Haifa_port_KL	Aggregate port	1	competition	Competition clock	baseline	-11	-11	0	1	0.07270052950473094	1.1234667099445427e-14	0.0	37	1.0
exact	Haifa_port_KL	Aggregate port	1	competition	Competition clock	baseline	-10	-10	0	1	0.18905330795420916	7.944109290391365e-15	0.0	37	1.0
exact	Haifa_port_KL	Aggregate port	1	competition	Competition clock	baseline	-9	-9	0	1	0.17074215502508536	5.024295867788066e-15	0.0	37	1.0
exact	Haifa_port_KL	Aggregate port	1	competition	Competition clock	baseline	-8	-8	0	1	-0.04966183612678421	7.944109290391348e-15	0.0	37	1.0
exact	Haifa_port_KL	Aggregate port	1	competition	Competition clock	baseline	-7	-7	0	1	0.011307841288773926	3.738195749812517e-15	0.0	37	1.0
exact	Haifa_port_KL	Aggregate port	1	competition	Competition clock	baseline	-6	-6	0	1	-0.05273660157613591	4.246305029676053e-15	0.0	37	1.0
exact	Haifa_port_KL	Aggregate port	1	competition	Competition clock	baseline	-5	-5	0	1	-0.06174525920081739	3.798010679822105e-15	0.0	37	1.0
exact	Haifa_port_KL	Aggregate port	1	competition	Competition clock	baseline	-4	-4	0	1	-0.023956739402855476	2.9265637772650517e-15	0.0	37	1.0
exact	Haifa_port_KL	Aggregate port	1	competition	Competition clock	baseline	-3	-3	0	1	-0.048329438748235025	5.200640307460057e-15	0.0	37	1.0
exact	Haifa_port_KL	Aggregate port	1	competition	Competition clock	baseline	-2	-2	0	1	0.015202199585734988	3.552713678800578e-15	0.0	37	1.0
exact	Haifa_port_KL	Aggregate port	1	competition	Competition clock	baseline	-1	-1	1	1	0.0	0.0		37	1.0
exact	Haifa_port_KL	Aggregate port	1	competition	Competition clock	baseline	0	0	0	1	0.11322565718475985	1.899005339911036e-15	0.0	37	1.0
exact	Haifa_port_KL	Aggregate port	1	competition	Competition clock	baseline	1	1	0	1	-0.05632062068130348	2.6003201537301943e-15	0.0	37	1.0
exact	Haifa_port_KL	Aggregate port	1	competition	Competition clock	baseline	2	2	0	1	0.05479411870357431	4.402662760810897e-15	0.0	37	1.0
exact	Haifa_port_KL	Aggregate port	1	competition	Competition clock	baseline	3	3	0	1	0.04728966321369671	4.979234008052492e-15	0.0	37	1.0
exact	Haifa_port_KL	Aggregate port	1	competition	Competition clock	baseline	4	4	0	1	-0.11526727871395437	4.246305029676015e-15	0.0	37	1.0
exact	Haifa_port_KL	Aggregate port	1	competition	Competition clock	baseline	5	5	0	1	-0.11677766284311054	3.552713678800551e-15	0.0	37	1.0
exact	Haifa_port_KL	Aggregate port	1	competition	Competition clock	baseline	6	6	0	1	-0.20843236560743428	7.944109290391283e-15	0.0	37	1.0
exact	Haifa_port_KL	Aggregate port	1	competition	Competition clock	baseline	7	7	0	1	-0.10991293733490287	3.552713678800559e-15	0.0	37	1.0
exact	Haifa_port_KL	Aggregate port	1	competition	Competition clock	baseline	8	8	0	1	-0.0543511404063004	7.944109290391277e-15	0.0	37	1.0
exact	Haifa_port_KL	Aggregate port	1	competition	Competition clock	baseline	9	9	0	1	-0.020658416431872804	5.024295867788137e-15	0.0	37	1.0
exact	Haifa_port_KL	Aggregate port	1	competition	Competition clock	baseline	10	10	0	1	0.10511479461353979	6.404745667978746e-15	0.0	37	1.0
exact	Haifa_port_KL	Aggregate port	1	competition	Competition clock	baseline	11	11	0	1	0.062198991660135296	6.404745667978822e-15	0.0	37	1.0
exact	Haifa_port_KL	Aggregate port	1	competition	Competition clock	baseline	12	12	0	1	0.24943603879347975	7.944109290391255e-15	0.0	37	1.0
exact	Haifa_port_KL	Aggregate port	1	competition	Competition clock	baseline	13	13	0	1	0.2600824769956198	5.0242958677882004e-15	0.0	37	1.0
exact	Haifa_port_KL	Aggregate port	1	competition	Competition clock	baseline	14	14	0	1	0.40280292979395327	5.02429586778811e-15	0.0	37	1.0
exact	Haifa_port_KL	Aggregate port	1	competition	Competition clock	baseline	15	15	0	1	0.3604837657753316	3.972054645195795e-15	0.0	37	1.0
exact	Haifa_port_KL	Aggregate port	1	competition	Competition clock	baseline	16	16	0	1	0.1332848361585368	1.7743731907196438e-15	0.0	37	1.0
exact	Haifa_port_KL	Aggregate port	1	competition	Competition clock	baseline	17	17	0	1	0.2269938110239904	2.4654522933460906e-15	0.0	37	1.0
exact	Haifa_port_KL	Aggregate port	1	competition	Competition clock	baseline	18	18	0	1	0.30557763908138824	9.45786402584182e-16	0.0	37	1.0
exact	Haifa_port_KL	Aggregate port	1	competition	Competition clock	baseline	19	19	0	1	0.09560844210554809	2.0676905886182077e-15	0.0	37	1.0
exact	Haifa_port_KL	Aggregate port	1	competition	Competition clock	baseline	20	20	0	1	-0.29575801989955064	2.1214931534943607e-15	0.0	37	1.0
exact	Haifa_port_KL	Aggregate port	1	competition	Competition clock	baseline	21	21	0	1	-0.16955132591895072	1.1102230246251571e-15	0.0	37	1.0
exact	Haifa_port_KL	Aggregate port	1	competition	Competition clock	baseline	22	22	0	1	-0.156085866490403	1.4217791915866724e-15	0.0	37	1.0
exact	Haifa_port_KL	Aggregate port	1	competition	Competition clock	baseline	23	23	0	1	-0.1780739099276993	2.8660374553788804e-15	0.0	37	1.0
exact	Haifa_port_KL	Aggregate port	1	competition	Competition clock	baseline	24	24	0	1	0.18415953778105165	1.7190398465891483e-15	0.0	37	1.0
exact	Haifa_port_KL	Aggregate port	1	competition	Competition clock	ctrl_trend	-12	-12	0	1	1.4485943120260298	1.812534314215612e-14	0.0	37	1.0
exact	Haifa_port_KL	Aggregate port	1	competition	Competition clock	ctrl_trend	-11	-11	0	1	1.2435219040860372	3.166061712414029e-14	0.0	37	1.0
exact	Haifa_port_KL	Aggregate port	1	competition	Competition clock	ctrl_trend	-10	-10	0	1	1.2427925450774362	4.4164248554399375e-15	0.0	37	1.0
exact	Haifa_port_KL	Aggregate port	1	competition	Competition clock	ctrl_trend	-9	-9	0	1	1.107399254690161	2.5184134381974095e-15	0.0	37	1.0
exact	Haifa_port_KL	Aggregate port	1	competition	Competition clock	ctrl_trend	-8	-8	0	1	0.769913126080155	1.9655537579868915e-15	0.0	37	1.0
exact	Haifa_port_KL	Aggregate port	1	competition	Competition clock	ctrl_trend	-7	-7	0	1	0.7138006660375769	8.650388693611449e-15	0.0	37	1.0
exact	Haifa_port_KL	Aggregate port	1	competition	Competition clock	ctrl_trend	-6	-6	0	1	0.5326740857145493	1.1401202055807894e-14	0.0	37	1.0
exact	Haifa_port_KL	Aggregate port	1	competition	Competition clock	ctrl_trend	-5	-5	0	1	0.4065832906317157	6.479972495243548e-15	0.0	37	1.0
exact	Haifa_port_KL	Aggregate port	1	competition	Competition clock	ctrl_trend	-4	-4	0	1	0.327289672971542	9.751192973175272e-15	0.0	37	1.0
exact	Haifa_port_KL	Aggregate port	1	competition	Competition clock	ctrl_trend	-3	-3	0	1	0.18583483616803118	1.334558588646315e-15	0.0	37	1.0
exact	Haifa_port_KL	Aggregate port	1	competition	Competition clock	ctrl_trend	-2	-2	0	1	0.13228433704386866	5.6745679994771404e-15	0.0	37	1.0
exact	Haifa_port_KL	Aggregate port	1	competition	Competition clock	ctrl_trend	-1	-1	1	1	0.0	0.0		37	1.0
exact	Haifa_port_KL	Aggregate port	1	competition	Competition clock	ctrl_trend	0	0	0	1	-0.0038564802733755954	2.2067683087417078e-15	0.0	37	1.0
exact	Haifa_port_KL	Aggregate port	1	competition	Competition clock	ctrl_trend	1	1	0	1	-0.2904848955975684	1.3769209462433197e-15	0.0	37	1.0
exact	Haifa_port_KL	Aggregate port	1	competition	Competition clock	ctrl_trend	2	2	0	1	-0.29645229367083914	1.1425017733221248e-14	0.0	37	1.0
exact	Haifa_port_KL	Aggregate port	1	competition	Competition clock	ctrl_trend	3	3	0	1	-0.42103888661885536	1.5195569460395283e-14	0.0	37	1.0
exact	Haifa_port_KL	Aggregate port	1	competition	Competition clock	ctrl_trend	4	4	0	1	0.6700104853173734	7.465559889862274e-15	0.0	37	1.0
exact	Haifa_port_KL	Aggregate port	1	competition	Competition clock	ctrl_trend	5	5	0	1	0.5514179637300778	9.892867248494682e-15	0.0	37	1.0
exact	Haifa_port_KL	Aggregate port	1	competition	Competition clock	ctrl_trend	6	6	0	1	0.34268112350761015	1.1654257824846698e-14	0.0	37	1.0
exact	Haifa_port_KL	Aggregate port	1	competition	Competition clock	ctrl_trend	7	7	0	1	0.3241184143220055	1.86611215201385e-14	0.0	37	1.0
exact	Haifa_port_KL	Aggregate port	1	competition	Competition clock	ctrl_trend	8	8	0	1	0.2625980737924767	8.542849732967111e-15	0.0	37	1.0
exact	Haifa_port_KL	Aggregate port	1	competition	Competition clock	ctrl_trend	9	9	0	1	0.17920866030877924	5.332048464870643e-15	0.0	37	1.0
exact	Haifa_port_KL	Aggregate port	1	competition	Competition clock	ctrl_trend	10	10	0	1	0.18789973389604508	1.153158192424315e-14	0.0	37	1.0
exact	Haifa_port_KL	Aggregate port	1	competition	Competition clock	ctrl_trend	11	11	0	1	0.027901793484502058	1.456645106244179e-14	0.0	37	1.0
exact	Haifa_port_KL	Aggregate port	1	competition	Competition clock	ctrl_trend	12	12	0	1	0.0980567031597177	8.516062346610027e-15	0.0	37	1.0
exact	Haifa_port_KL	Aggregate port	1	competition	Competition clock	ctrl_trend	13	13	0	1	-0.008378996096275237	1.0540046114186443e-14	0.0	37	1.0
exact	Haifa_port_KL	Aggregate port	1	competition	Competition clock	ctrl_trend	14	14	0	1	0.017259319243914995	1.931717357396993e-14	0.0	37	1.0
exact	Haifa_port_KL	Aggregate port	1	competition	Competition clock	ctrl_trend	15	15	0	1	-0.14214198223282848	1.1196981587194299e-14	0.0	37	1.0
exact	Haifa_port_KL	Aggregate port	1	competition	Competition clock	ctrl_trend	16	16	0	1	0.36316196130285494	3.728114026689897e-15	0.0	37	1.0
exact	Haifa_port_KL	Aggregate port	1	competition	Competition clock	ctrl_trend	17	17	0	1	0.3397887987101642	6.729617910419163e-15	0.0	37	1.0
exact	Haifa_port_KL	Aggregate port	1	competition	Competition clock	ctrl_trend	18	18	0	1	0.3012904893094195	1.8538929830624694e-14	0.0	37	1.0
exact	Haifa_port_KL	Aggregate port	1	competition	Competition clock	ctrl_trend	19	19	0	1	-0.025760845124544574	6.165460903649022e-15	0.0	37	1.0
exact	Haifa_port_KL	Aggregate port	1	competition	Competition clock	ctrl_trend	20	20	0	1	-0.5342094445877699	5.32141521939631e-15	0.0	37	1.0
exact	Haifa_port_KL	Aggregate port	1	competition	Competition clock	ctrl_trend	21	21	0	1	-0.5250848880653098	8.135229065361223e-15	0.0	37	1.0
exact	Haifa_port_KL	Aggregate port	1	competition	Competition clock	ctrl_trend	22	22	0	1	-0.62870156609487	1.9379849160121356e-14	0.0	37	1.0
exact	Haifa_port_KL	Aggregate port	1	competition	Competition clock	ctrl_trend	23	23	0	1	-0.6188074799994143	1.8360827112620954e-14	0.0	37	1.0
exact	Haifa_port_KL	Aggregate port	1	competition	Competition clock	ctrl_trend	24	24	0	1	-0.3736561697487717	9.647428202130067e-15	0.0	37	1.0
exact	Haifa_port_KL	Aggregate port	1	privatization	Privatization clock	baseline	-12	-12	0	1	0.5756841286301677	2.4065189121687326e-15	0.0	36	1.0
exact	Haifa_port_KL	Aggregate port	1	privatization	Privatization clock	baseline	-11	-11	0	1	0.5741737445010102	4.499130962279503e-15	0.0	36	1.0
exact	Haifa_port_KL	Aggregate port	1	privatization	Privatization clock	baseline	-10	-10	0	1	0.4825190417366825	1.960677687427276e-15	0.0	36	1.0
exact	Haifa_port_KL	Aggregate port	1	privatization	Privatization clock	baseline	-9	-9	0	1	0.5810384700092257	2.8029295707072983e-15	0.0	36	1.0
exact	Haifa_port_KL	Aggregate port	1	privatization	Privatization clock	baseline	-8	-8	0	1	0.6366002669378212	2.4584269702382215e-15	0.0	36	1.0
exact	Haifa_port_KL	Aggregate port	1	privatization	Privatization clock	baseline	-7	-7	0	1	0.6702929909122517	2.1291791828548373e-15	0.0	36	1.0
exact	Haifa_port_KL	Aggregate port	1	privatization	Privatization clock	baseline	-6	-6	0	1	0.7960662019576641	3.60345599348113e-15	0.0	36	1.0
exact	Haifa_port_KL	Aggregate port	1	privatization	Privatization clock	baseline	-5	-5	0	1	0.7531503990042605	3.603455993481126e-15	0.0	36	1.0
exact	Haifa_port_KL	Aggregate port	1	privatization	Privatization clock	baseline	-4	-4	0	1	0.9403874461376036	3.757358045013045e-15	0.0	36	1.0
exact	Haifa_port_KL	Aggregate port	1	privatization	Privatization clock	baseline	-3	-3	0	1	-0.10040128877971351	2.6855991067209966e-15	0.0	36	1.0
exact	Haifa_port_KL	Aggregate port	1	privatization	Privatization clock	baseline	-2	-2	0	1	0.04231916401861824	2.2267811435767987e-15	0.0	36	1.0
exact	Haifa_port_KL	Aggregate port	1	privatization	Privatization clock	baseline	-1	-1	1	1	0.0	0.0		36	1.0
exact	Haifa_port_KL	Aggregate port	1	privatization	Privatization clock	baseline	0	0	0	1	-0.08712941355624437	6.846961125428886e-15	0.0	36	1.0
exact	Haifa_port_KL	Aggregate port	1	privatization	Privatization clock	baseline	1	1	0	1	0.006579561309214869	2.685599106721002e-15	0.0	36	1.0
exact	Haifa_port_KL	Aggregate port	1	privatization	Privatization clock	baseline	2	2	0	1	0.08516338936661505	3.2891737325703888e-15	0.0	36	1.0
exact	Haifa_port_KL	Aggregate port	1	privatization	Privatization clock	baseline	3	3	0	1	-0.12480580760922587	4.979234008052451e-15	0.0	36	1.0
exact	Haifa_port_KL	Aggregate port	1	privatization	Privatization clock	baseline	4	4	0	1	-0.51617226961433	3.5527136788004994e-15	0.0	36	1.0
exact	Haifa_port_KL	Aggregate port	1	privatization	Privatization clock	baseline	5	5	0	1	-0.38996557563372497	4.651594101602375e-15	0.0	36	1.0
exact	Haifa_port_KL	Aggregate port	1	privatization	Privatization clock	baseline	6	6	0	1	-0.3765001162051824	3.972054645195636e-15	0.0	36	1.0
exact	Haifa_port_KL	Aggregate port	1	privatization	Privatization clock	baseline	7	7	0	1	-0.5324720478496819	3.972054645195637e-15	0.0	36	1.0
exact	Haifa_port_KL	Aggregate port	1	privatization	Privatization clock	baseline	8	8	0	1	-0.17023860014093195	3.5527136788005065e-15	0.0	36	1.0
exact	Haifa_port_KL	Aggregate port	1	privatization	Privatization clock	baseline	9	9	0	1	-0.48082846447495964	1.228665508977123e-15	0.0	36	1.0
exact	Haifa_port_KL	Aggregate port	1	privatization	Privatization clock	baseline	10	10	0	1	-0.08754744849831564	1.2286655089771238e-15	0.0	36	1.0
exact	Haifa_port_KL	Aggregate port	1	privatization	Privatization clock	baseline	11	11	0	1	0.07814131390332246	3.22381869180601e-15	0.0	36	1.0
exact	Haifa_port_KL	Aggregate port	1	privatization	Privatization clock	baseline	12	12	0	1	0.25335114439577033	1.5671681498706806e-15	0.0	36	1.0
exact	Haifa_port_KL	Aggregate port	1	privatization	Privatization clock	baseline	13	13	0	1	0.1099686747669173	1.2286655089771232e-15	0.0	36	1.0
exact	Haifa_port_KL	Aggregate port	1	privatization	Privatization clock	baseline	14	14	0	1	0.30217390219636275	1.3113608054285064e-15	0.0	36	1.0
exact	Haifa_port_KL	Aggregate port	1	privatization	Privatization clock	baseline	15	15	0	1	0.17448737427802907	1.1985224514571237e-15	0.0	36	1.0
exact	Haifa_port_KL	Aggregate port	1	privatization	Privatization clock	baseline	16	16	0	1	0.2971769365965695	2.6447067537309596e-15	0.0	36	1.0
exact	Haifa_port_KL	Aggregate port	1	privatization	Privatization clock	baseline	17	17	0	1	0.2090735616461652	2.601519736026675e-15	0.0	36	1.0
exact	Haifa_port_KL	Aggregate port	1	privatization	Privatization clock	baseline	18	18	0	1	0.08278086623033598	1.0471880214202365e-15	0.0	36	1.0
exact	Haifa_port_KL	Aggregate port	1	privatization	Privatization clock	baseline	19	19	0	1	0.012147872548074368	2.687199785934048e-15	0.0	36	1.0
exact	Haifa_port_KL	Aggregate port	1	privatization	Privatization clock	baseline	20	20	0	1	-0.035811223700862094	1.2219240097977666e-15	0.0	36	1.0
exact	Haifa_port_KL	Aggregate port	1	privatization	Privatization clock	baseline	21	21	0	1	-0.021255380890329967	1.2286655089771238e-15	0.0	36	1.0
exact	Haifa_port_KL	Aggregate port	1	privatization	Privatization clock	baseline	22	22	0	1	-0.1086024290515164	4.754131388637678e-15	0.0	36	1.0
exact	Haifa_port_KL	Aggregate port	1	privatization	Privatization clock	baseline	23	23	0	1	0.047004991243128735	1.2286655089771226e-15	0.0	36	1.0
exact	Haifa_port_KL	Aggregate port	1	privatization	Privatization clock	ctrl_trend	-12	-12	0	1	0.7386605814786962	2.3062819026984188e-14	0.0	36	1.0
exact	Haifa_port_KL	Aggregate port	1	privatization	Privatization clock	ctrl_trend	-11	-11	0	1	0.6200918635545491	2.2594483986379933e-14	0.0	36	1.0
exact	Haifa_port_KL	Aggregate port	1	privatization	Privatization clock	ctrl_trend	-10	-10	0	1	0.41137882699527584	1.5906496649877878e-14	0.0	36	1.0
exact	Haifa_port_KL	Aggregate port	1	privatization	Privatization clock	ctrl_trend	-9	-9	0	1	0.39283992147287083	1.144969948576374e-14	0.0	36	1.0
exact	Haifa_port_KL	Aggregate port	1	privatization	Privatization clock	ctrl_trend	-8	-8	0	1	0.3313433846065199	7.71973079454261e-15	0.0	36	1.0
exact	Haifa_port_KL	Aggregate port	1	privatization	Privatization clock	ctrl_trend	-7	-7	0	1	0.24797777478600214	7.306206815487e-15	0.0	36	1.0
exact	Haifa_port_KL	Aggregate port	1	privatization	Privatization clock	ctrl_trend	-6	-6	0	1	0.25669265203647074	4.9811035689382955e-15	0.0	36	1.0
exact	Haifa_port_KL	Aggregate port	1	privatization	Privatization clock	ctrl_trend	-5	-5	0	1	0.09671851528810382	1.446715853490301e-14	0.0	36	1.0
exact	Haifa_port_KL	Aggregate port	1	privatization	Privatization clock	ctrl_trend	-4	-4	0	1	0.1668972286264987	1.619727649091503e-14	0.0	36	1.0
exact	Haifa_port_KL	Aggregate port	1	privatization	Privatization clock	ctrl_trend	-3	-3	0	1	0.13371537881018175	1.16374156128878e-14	0.0	36	1.0
exact	Haifa_port_KL	Aggregate port	1	privatization	Privatization clock	ctrl_trend	-2	-2	0	1	0.1593774978135638	1.0391726898917316e-14	0.0	36	1.0
exact	Haifa_port_KL	Aggregate port	1	privatization	Privatization clock	ctrl_trend	-1	-1	1	1	0.0	0.0		36	1.0
exact	Haifa_port_KL	Aggregate port	1	privatization	Privatization clock	ctrl_trend	0	0	0	1	-0.2041877473511864	7.552297771115116e-15	0.0	36	1.0
exact	Haifa_port_KL	Aggregate port	1	privatization	Privatization clock	ctrl_trend	1	1	0	1	-0.22753710628069487	1.9195618185983825e-14	0.0	36	1.0
exact	Haifa_port_KL	Aggregate port	1	privatization	Privatization clock	ctrl_trend	2	2	0	1	-0.2660116120182412	2.0223173707792726e-14	0.0	36	1.0
exact	Haifa_port_KL	Aggregate port	1	privatization	Privatization clock	ctrl_trend	3	3	0	1	-0.5930391427890269	1.9567927219158594e-14	0.0	36	1.0
exact	Haifa_port_KL	Aggregate port	1	privatization	Privatization clock	ctrl_trend	4	4	0	1	-1.1014639385890739	2.0106222384439748e-14	0.0	36	1.0
exact	Haifa_port_KL	Aggregate port	1	privatization	Privatization clock	ctrl_trend	5	5	0	1	-1.0923155784034042	1.3734652293035611e-14	0.0	36	1.0
exact	Haifa_port_KL	Aggregate port	1	privatization	Privatization clock	ctrl_trend	6	6	0	1	-1.195908452769821	2.347544300058916e-14	0.0	36	1.0
exact	Haifa_port_KL	Aggregate port	1	privatization	Privatization clock	ctrl_trend	7	7	0	1	-1.4689387182092482	1.5038640237832015e-14	0.0	36	1.0
exact	Haifa_port_KL	Aggregate port	1	privatization	Privatization clock	ctrl_trend	8	8	0	1	-1.2237636042954616	1.837689071858908e-14	0.0	36	1.0
exact	Haifa_port_KL	Aggregate port	1	privatization	Privatization clock	ctrl_trend	9	9	0	1	0.21125991774780717	1.443921805604725e-14	0.0	36	1.0
exact	Haifa_port_KL	Aggregate port	1	privatization	Privatization clock	ctrl_trend	10	10	0	1	0.4874825999294856	9.438123970500695e-15	0.0	36	1.0
exact	Haifa_port_KL	Aggregate port	1	privatization	Privatization clock	ctrl_trend	11	11	0	1	0.5361130285361546	2.123034179411762e-14	0.0	36	1.0
exact	Haifa_port_KL	Aggregate port	1	privatization	Privatization clock	ctrl_trend	12	12	0	1	0.5942645252336476	2.828816570647514e-14	0.0	36	1.0
exact	Haifa_port_KL	Aggregate port	1	privatization	Privatization clock	ctrl_trend	13	13	0	1	0.33382372180986675	9.404046848642716e-15	0.0	36	1.0
exact	Haifa_port_KL	Aggregate port	1	privatization	Privatization clock	ctrl_trend	14	14	0	1	0.40897061544434354	2.5395443775075142e-14	0.0	36	1.0
exact	Haifa_port_KL	Aggregate port	1	privatization	Privatization clock	ctrl_trend	15	15	0	1	0.1642257537310865	5.444242735536663e-15	0.0	36	1.0
exact	Haifa_port_KL	Aggregate port	1	privatization	Privatization clock	ctrl_trend	16	16	0	1	0.16985698225466095	1.9129828057186738e-14	0.0	36	1.0
exact	Haifa_port_KL	Aggregate port	1	privatization	Privatization clock	ctrl_trend	17	17	0	1	-0.03530472649067384	6.714458477636161e-15	0.0	36	1.0
exact	Haifa_port_KL	Aggregate port	1	privatization	Privatization clock	ctrl_trend	18	18	0	1	-0.27865575570146905	2.108947537539634e-14	0.0	36	1.0
exact	Haifa_port_KL	Aggregate port	1	privatization	Privatization clock	ctrl_trend	19	19	0	1	-0.46634708317866025	8.351630930020795e-15	0.0	36	1.0
exact	Haifa_port_KL	Aggregate port	1	privatization	Privatization clock	ctrl_trend	20	20	0	1	-0.6313645132225565	1.5394895778624993e-14	0.0	36	1.0
exact	Haifa_port_KL	Aggregate port	1	privatization	Privatization clock	ctrl_trend	21	21	0	1	-0.7338670042069486	1.2066780628048674e-14	0.0	36	1.0
exact	Haifa_port_KL	Aggregate port	1	privatization	Privatization clock	ctrl_trend	22	22	0	1	-0.938272386163109	1.7231186457420823e-14	0.0	36	1.0
exact	Haifa_port_KL	Aggregate port	1	privatization	Privatization clock	ctrl_trend	23	23	0	1	-0.8997232996633882	1.0782314174637622e-14	0.0	36	1.0
exact	Haifa_Bayport_KL	Haifa-Bayport	0	competition	Competition clock	baseline	-12	-12	0	0				27	1.0
exact	Haifa_Bayport_KL	Haifa-Bayport	0	competition	Competition clock	baseline	-11	-11	0	0				27	1.0
exact	Haifa_Bayport_KL	Haifa-Bayport	0	competition	Competition clock	baseline	-10	-10	0	0				27	1.0
exact	Haifa_Bayport_KL	Haifa-Bayport	0	competition	Competition clock	baseline	-9	-9	0	0				27	1.0
exact	Haifa_Bayport_KL	Haifa-Bayport	0	competition	Competition clock	baseline	-8	-8	0	0				27	1.0
exact	Haifa_Bayport_KL	Haifa-Bayport	0	competition	Competition clock	baseline	-7	-7	0	0				27	1.0
exact	Haifa_Bayport_KL	Haifa-Bayport	0	competition	Competition clock	baseline	-6	-6	0	0				27	1.0
exact	Haifa_Bayport_KL	Haifa-Bayport	0	competition	Competition clock	baseline	-5	-5	0	0				27	1.0
exact	Haifa_Bayport_KL	Haifa-Bayport	0	competition	Competition clock	baseline	-4	-4	0	0				27	1.0
exact	Haifa_Bayport_KL	Haifa-Bayport	0	competition	Competition clock	baseline	-3	-3	0	0				27	1.0
exact	Haifa_Bayport_KL	Haifa-Bayport	0	competition	Competition clock	baseline	-2	-2	0	1	0.11614057050234017	4.747513349773605e-16	0.0	27	1.0
exact	Haifa_Bayport_KL	Haifa-Bayport	0	competition	Competition clock	baseline	-1	-1	1	1	0.0	0.0		27	1.0
exact	Haifa_Bayport_KL	Haifa-Bayport	0	competition	Competition clock	baseline	0	0	0	1	4.900909679918552	8.881784197002047e-16	0.0	27	1.0
exact	Haifa_Bayport_KL	Haifa-Bayport	0	competition	Competition clock	baseline	1	1	0	1	3.6299263605555523	8.881784196999384e-16	0.0	27	1.0
exact	Haifa_Bayport_KL	Haifa-Bayport	0	competition	Competition clock	baseline	2	2	0	1	4.240746154241853	2.397376726050749e-15	0.0	27	1.0
exact	Haifa_Bayport_KL	Haifa-Bayport	0	competition	Competition clock	baseline	3	3	0	1	4.605369916267273	4.014386796201194e-15	0.0	27	1.0
exact	Haifa_Bayport_KL	Haifa-Bayport	0	competition	Competition clock	baseline	4	4	0	1	4.797677643099521	8.881784197000308e-16	0.0	27	1.0
exact	Haifa_Bayport_KL	Haifa-Bayport	0	competition	Competition clock	baseline	5	5	0	1	4.66498980300875	8.881784196997777e-16	0.0	27	1.0
exact	Haifa_Bayport_KL	Haifa-Bayport	0	competition	Competition clock	baseline	6	6	0	1	4.323361118420071	8.881784197000822e-16	0.0	27	1.0
exact	Haifa_Bayport_KL	Haifa-Bayport	0	competition	Competition clock	baseline	7	7	0	1	3.857288463720569	4.528839093602904e-15	0.0	27	1.0
exact	Haifa_Bayport_KL	Haifa-Bayport	0	competition	Competition clock	baseline	8	8	0	1	3.3950653900281393	1.256073966946985e-15	0.0	27	1.0
exact	Haifa_Bayport_KL	Haifa-Bayport	0	competition	Competition clock	baseline	9	9	0	1	3.5405495289033695	8.881784197000018e-16	0.0	27	1.0
exact	Haifa_Bayport_KL	Haifa-Bayport	0	competition	Competition clock	baseline	10	10	0	1	3.2460830043700595	4.528839093602942e-15	0.0	27	1.0
exact	Haifa_Bayport_KL	Haifa-Bayport	0	competition	Competition clock	baseline	11	11	0	1	3.1832816690670347	3.66205343881775e-15	0.0	27	1.0
exact	Haifa_Bayport_KL	Haifa-Bayport	0	competition	Competition clock	baseline	12	12	0	1	3.0879482162743788	1.986027322597733e-15	0.0	27	1.0
exact	Haifa_Bayport_KL	Haifa-Bayport	0	competition	Competition clock	baseline	13	13	0	1	3.066441655316741	1.9860273225977408e-15	0.0	27	1.0
exact	Haifa_Bayport_KL	Haifa-Bayport	0	competition	Competition clock	baseline	14	14	0	1	2.838970350196674	1.9860273225977585e-15	0.0	27	1.0
exact	Haifa_Bayport_KL	Haifa-Bayport	0	competition	Competition clock	baseline	15	15	0	1	2.8096462533009228	1.98602732259778e-15	0.0	27	1.0
exact	Haifa_Bayport_KL	Haifa-Bayport	0	competition	Competition clock	baseline	16	16	0	1	0.3676556414708787	2.6783770938487294e-15	0.0	27	1.0
exact	Haifa_Bayport_KL	Haifa-Bayport	0	competition	Competition clock	baseline	17	17	0	1	0.5173115727281754	3.837216395249158e-15	0.0	27	1.0
exact	Haifa_Bayport_KL	Haifa-Bayport	0	competition	Competition clock	baseline	18	18	0	1	0.2733512276216912	2.646632243872619e-15	0.0	27	1.0
exact	Haifa_Bayport_KL	Haifa-Bayport	0	competition	Competition clock	baseline	19	19	0	1	0.23967402003540839	2.5490267489110656e-15	0.0	27	1.0
exact	Haifa_Bayport_KL	Haifa-Bayport	0	competition	Competition clock	baseline	20	20	0	1	0.32706965673793764	1.700387039957019e-15	0.0	27	1.0
exact	Haifa_Bayport_KL	Haifa-Bayport	0	competition	Competition clock	baseline	21	21	0	1	0.37146558497908977	2.6572559985485035e-15	0.0	27	1.0
exact	Haifa_Bayport_KL	Haifa-Bayport	0	competition	Competition clock	baseline	22	22	0	1	0.33950290269316685	3.2961259000738407e-15	0.0	27	1.0
exact	Haifa_Bayport_KL	Haifa-Bayport	0	competition	Competition clock	baseline	23	23	0	1	1.0385594478058	2.2658015545876076e-15	0.0	27	1.0
exact	Haifa_Bayport_KL	Haifa-Bayport	0	competition	Competition clock	baseline	24	24	0	1	0.8824196332251278	9.625998772038487e-16	0.0	27	1.0
exact	Haifa_Bayport_KL	Haifa-Bayport	0	competition	Competition clock	ctrl_trend	-12	-12	0	0				27	1.0
exact	Haifa_Bayport_KL	Haifa-Bayport	0	competition	Competition clock	ctrl_trend	-11	-11	0	0				27	1.0
exact	Haifa_Bayport_KL	Haifa-Bayport	0	competition	Competition clock	ctrl_trend	-10	-10	0	0				27	1.0
exact	Haifa_Bayport_KL	Haifa-Bayport	0	competition	Competition clock	ctrl_trend	-9	-9	0	0				27	1.0
exact	Haifa_Bayport_KL	Haifa-Bayport	0	competition	Competition clock	ctrl_trend	-8	-8	0	0				27	1.0
exact	Haifa_Bayport_KL	Haifa-Bayport	0	competition	Competition clock	ctrl_trend	-7	-7	0	0				27	1.0
exact	Haifa_Bayport_KL	Haifa-Bayport	0	competition	Competition clock	ctrl_trend	-6	-6	0	0				27	1.0
exact	Haifa_Bayport_KL	Haifa-Bayport	0	competition	Competition clock	ctrl_trend	-5	-5	0	0				27	1.0
exact	Haifa_Bayport_KL	Haifa-Bayport	0	competition	Competition clock	ctrl_trend	-4	-4	0	0				27	1.0
exact	Haifa_Bayport_KL	Haifa-Bayport	0	competition	Competition clock	ctrl_trend	-3	-3	0	0				27	1.0
exact	Haifa_Bayport_KL	Haifa-Bayport	0	competition	Competition clock	ctrl_trend	-2	-2	0	1	0.24334829597223706	1.4251517524204108e-15	0.0	27	1.0
exact	Haifa_Bayport_KL	Haifa-Bayport	0	competition	Competition clock	ctrl_trend	-1	-1	1	1	0.0	0.0		27	1.0
exact	Haifa_Bayport_KL	Haifa-Bayport	0	competition	Competition clock	ctrl_trend	0	0	0	1	4.77370195444865	8.489261409232431e-15	0.0	27	1.0
exact	Haifa_Bayport_KL	Haifa-Bayport	0	competition	Competition clock	ctrl_trend	1	1	0	1	3.3755109096157607	2.6489997156255287e-15	0.0	27	1.0
exact	Haifa_Bayport_KL	Haifa-Bayport	0	competition	Competition clock	ctrl_trend	2	2	0	1	3.8591229778321603	4.375105369372332e-15	0.0	27	1.0
exact	Haifa_Bayport_KL	Haifa-Bayport	0	competition	Competition clock	ctrl_trend	3	3	0	1	4.09653901438769	2.6342478129016925e-15	0.0	27	1.0
exact	Haifa_Bayport_KL	Haifa-Bayport	0	competition	Competition clock	ctrl_trend	4	4	0	1	2.3447273798686052	3.822588172708998e-15	0.0	27	1.0
exact	Haifa_Bayport_KL	Haifa-Bayport	0	competition	Competition clock	ctrl_trend	5	5	0	1	2.0848318143079307	1.6584172943052405e-15	0.0	27	1.0
exact	Haifa_Bayport_KL	Haifa-Bayport	0	competition	Competition clock	ctrl_trend	6	6	0	1	1.6159954042493516	4.940573185898136e-15	0.0	27	1.0
exact	Haifa_Bayport_KL	Haifa-Bayport	0	competition	Competition clock	ctrl_trend	7	7	0	1	1.0227150240799614	7.942827271256059e-16	0.0	27	1.0
exact	Haifa_Bayport_KL	Haifa-Bayport	0	competition	Competition clock	ctrl_trend	8	8	0	1	0.43328422491763385	2.4790209525869483e-15	0.0	27	1.0
exact	Haifa_Bayport_KL	Haifa-Bayport	0	competition	Competition clock	ctrl_trend	9	9	0	1	0.4515606383229631	5.999109428973347e-16	0.0	27	1.0
exact	Haifa_Bayport_KL	Haifa-Bayport	0	competition	Competition clock	ctrl_trend	10	10	0	1	0.02988638831974999	1.896400197182634e-15	0.0	27	1.0
exact	Haifa_Bayport_KL	Haifa-Bayport	0	competition	Competition clock	ctrl_trend	11	11	0	1	-0.16012267245316592	3.5863805820108155e-15	0.0	27	1.0
exact	Haifa_Bayport_KL	Haifa-Bayport	0	competition	Competition clock	ctrl_trend	12	12	0	1	-0.38266385071571873	1.1024678066334968e-15	0.0	27	1.0
exact	Haifa_Bayport_KL	Haifa-Bayport	0	competition	Competition clock	ctrl_trend	13	13	0	1	-0.5313781371432542	2.908718818876692e-15	0.0	27	1.0
exact	Haifa_Bayport_KL	Haifa-Bayport	0	competition	Competition clock	ctrl_trend	14	14	0	1	-0.8860571677332154	1.0169182691527228e-15	0.0	27	1.0
exact	Haifa_Bayport_KL	Haifa-Bayport	0	competition	Competition clock	ctrl_trend	15	15	0	1	-1.0425889900988672	1.0360624191057474e-15	0.0	27	1.0
exact	Haifa_Bayport_KL	Haifa-Bayport	0	competition	Competition clock	ctrl_trend	16	16	0	1	0.20414554972064636	8.535393357299356e-16	0.0	27	1.0
exact	Haifa_Bayport_KL	Haifa-Bayport	0	competition	Competition clock	ctrl_trend	17	17	0	1	0.22659375550804972	1.4232370209819598e-15	0.0	27	1.0
exact	Haifa_Bayport_KL	Haifa-Bayport	0	competition	Competition clock	ctrl_trend	18	18	0	1	-0.14457431506833895	5.032116551579665e-15	0.0	27	1.0
exact	Haifa_Bayport_KL	Haifa-Bayport	0	competition	Competition clock	ctrl_trend	19	19	0	1	-0.30545924812450886	4.581603650850412e-15	0.0	27	1.0
exact	Haifa_Bayport_KL	Haifa-Bayport	0	competition	Competition clock	ctrl_trend	20	20	0	1	-0.3452713368918823	1.0518939463163228e-15	0.0	27	1.0
exact	Haifa_Bayport_KL	Haifa-Bayport	0	competition	Competition clock	ctrl_trend	21	21	0	1	-0.4280831341206275	4.811718876716033e-16	0.0	27	1.0
exact	Haifa_Bayport_KL	Haifa-Bayport	0	competition	Competition clock	ctrl_trend	22	22	0	1	-0.5872535418764477	6.2597359656517245e-16	0.0	27	1.0
exact	Haifa_Bayport_KL	Haifa-Bayport	0	competition	Competition clock	ctrl_trend	23	23	0	1	-0.5423369927572224	1.1781182778151062e-15	0.0	27	1.0
exact	Haifa_Bayport_KL	Haifa-Bayport	0	competition	Competition clock	ctrl_trend	24	24	0	1	-0.825684532807788	2.6222897879870245e-15	0.0	27	1.0
exact	Haifa_Bayport_KL	Haifa-Bayport	0	privatization	Privatization clock	baseline	-12	-12	0	1	1.7885113783608948	2.5770168774664833e-15	0.0	36	1.0
exact	Haifa_Bayport_KL	Haifa-Bayport	0	privatization	Privatization clock	baseline	-11	-11	0	1	1.6558235382701212	5.889682062552799e-15	0.0	36	1.0
exact	Haifa_Bayport_KL	Haifa-Bayport	0	privatization	Privatization clock	baseline	-10	-10	0	1	1.3141948536814443	2.456996604928595e-15	0.0	36	1.0
exact	Haifa_Bayport_KL	Haifa-Bayport	0	privatization	Privatization clock	baseline	-9	-9	0	1	0.8481221989819505	9.421786396346552e-16	0.0	36	1.0
exact	Haifa_Bayport_KL	Haifa-Bayport	0	privatization	Privatization clock	baseline	-8	-8	0	1	0.3858991252895163	1.0733270445954277e-15	0.0	36	1.0
exact	Haifa_Bayport_KL	Haifa-Bayport	0	privatization	Privatization clock	baseline	-7	-7	0	1	0.531383264164746	1.2594792406214919e-15	0.0	36	1.0
exact	Haifa_Bayport_KL	Haifa-Bayport	0	privatization	Privatization clock	baseline	-6	-6	0	1	0.23691673963143156	1.4346799119787435e-15	0.0	36	1.0
exact	Haifa_Bayport_KL	Haifa-Bayport	0	privatization	Privatization clock	baseline	-5	-5	0	1	0.17411540432841566	1.422910795608932e-15	0.0	36	1.0
exact	Haifa_Bayport_KL	Haifa-Bayport	0	privatization	Privatization clock	baseline	-4	-4	0	1	0.07878195153575795	1.4229107956089335e-15	0.0	36	1.0
exact	Haifa_Bayport_KL	Haifa-Bayport	0	privatization	Privatization clock	baseline	-3	-3	0	1	0.25679540201582113	4.440892098500576e-15	0.0	36	1.0
exact	Haifa_Bayport_KL	Haifa-Bayport	0	privatization	Privatization clock	baseline	-2	-2	0	1	0.029324096895751772	3.6620534388177166e-15	0.0	36	1.0
exact	Haifa_Bayport_KL	Haifa-Bayport	0	privatization	Privatization clock	baseline	-1	-1	1	1	0.0	0.0		36	1.0
exact	Haifa_Bayport_KL	Haifa-Bayport	0	privatization	Privatization clock	baseline	0	0	0	1	-0.005960005563707682	3.202372833989313e-15	0.0	36	1.0
exact	Haifa_Bayport_KL	Haifa-Bayport	0	privatization	Privatization clock	baseline	1	1	0	1	0.14369592569359255	4.44089209850054e-15	0.0	36	1.0
exact	Haifa_Bayport_KL	Haifa-Bayport	0	privatization	Privatization clock	baseline	2	2	0	1	-0.10026441941289299	5.402578411571367e-15	0.0	36	1.0
exact	Haifa_Bayport_KL	Haifa-Bayport	0	privatization	Privatization clock	baseline	3	3	0	1	-0.1339416269991729	7.742959950612972e-15	0.0	36	1.0
exact	Haifa_Bayport_KL	Haifa-Bayport	0	privatization	Privatization clock	baseline	4	4	0	1	-0.04654599029664741	7.431033801932977e-15	0.0	36	1.0
exact	Haifa_Bayport_KL	Haifa-Bayport	0	privatization	Privatization clock	baseline	5	5	0	1	-0.002150062055493757	8.747542958250489e-15	0.0	36	1.0
exact	Haifa_Bayport_KL	Haifa-Bayport	0	privatization	Privatization clock	baseline	6	6	0	1	-0.03411274434141909	7.640399661428356e-15	0.0	36	1.0
exact	Haifa_Bayport_KL	Haifa-Bayport	0	privatization	Privatization clock	baseline	7	7	0	1	0.14989227553580947	8.792517768629109e-15	0.0	36	1.0
exact	Haifa_Bayport_KL	Haifa-Bayport	0	privatization	Privatization clock	baseline	8	8	0	1	-0.006247539044865746	7.160723346098859e-15	0.0	36	1.0
exact	Haifa_Bayport_KL	Haifa-Bayport	0	privatization	Privatization clock	baseline	9	9	0	1	-0.16324685149744322	5.280221505104554e-15	0.0	36	1.0
exact	Haifa_Bayport_KL	Haifa-Bayport	0	privatization	Privatization clock	baseline	10	10	0	1	0.018160954697145737	4.343203411204302e-15	0.0	36	1.0
exact	Haifa_Bayport_KL	Haifa-Bayport	0	privatization	Privatization clock	baseline	11	11	0	1	0.1795582980489221	5.3338645885774055e-15	0.0	36	1.0
exact	Haifa_Bayport_KL	Haifa-Bayport	0	privatization	Privatization clock	baseline	12	12	0	1	0.07133878789895576	5.037585836940619e-15	0.0	36	1.0
exact	Haifa_Bayport_KL	Haifa-Bayport	0	privatization	Privatization clock	baseline	13	13	0	1	-0.08986567757837394	3.0818791282542434e-15	0.0	36	1.0
exact	Haifa_Bayport_KL	Haifa-Bayport	0	privatization	Privatization clock	baseline	14	14	0	1	-0.2947396511903606	4.562627798662863e-15	0.0	36	1.0
exact	Haifa_Bayport_KL	Haifa-Bayport	0	privatization	Privatization clock	baseline	15	15	0	1	0.21499766056370184	3.1306007122184953e-15	0.0	36	1.0
exact	Haifa_Bayport_KL	Haifa-Bayport	0	privatization	Privatization clock	baseline	16	16	0	1	-0.23646682758661353	5.756086769037283e-15	0.0	36	1.0
exact	Haifa_Bayport_KL	Haifa-Bayport	0	privatization	Privatization clock	baseline	17	17	0	1	0.23821562736713453	4.849425551738136e-15	0.0	36	1.0
exact	Haifa_Bayport_KL	Haifa-Bayport	0	privatization	Privatization clock	baseline	18	18	0	1	0.21758093421197344	5.65557512163427e-15	0.0	36	1.0
exact	Haifa_Bayport_KL	Haifa-Bayport	0	privatization	Privatization clock	baseline	19	19	0	1	0.0616688180782341	4.247599756866402e-15	0.0	36	1.0
exact	Haifa_Bayport_KL	Haifa-Bayport	0	privatization	Privatization clock	baseline	20	20	0	1	0.08074385434135278	3.779762765748398e-15	0.0	36	1.0
exact	Haifa_Bayport_KL	Haifa-Bayport	0	privatization	Privatization clock	baseline	21	21	0	1	-0.03121376554347277	4.754135287299372e-15	0.0	36	1.0
exact	Haifa_Bayport_KL	Haifa-Bayport	0	privatization	Privatization clock	baseline	22	22	0	1	0.015395209281917843	8.231634800345665e-15	0.0	36	1.0
exact	Haifa_Bayport_KL	Haifa-Bayport	0	privatization	Privatization clock	baseline	23	23	0	1	-0.018814366214466638	4.87878052075305e-15	0.0	36	1.0
exact	Haifa_Bayport_KL	Haifa-Bayport	0	privatization	Privatization clock	ctrl_trend	-12	-12	0	1	1.9089517580951298	2.348210223325415e-14	0.0	36	1.0
exact	Haifa_Bayport_KL	Haifa-Bayport	0	privatization	Privatization clock	ctrl_trend	-11	-11	0	1	1.6761943033200044	2.1597852239413036e-14	0.0	36	1.0
exact	Haifa_Bayport_KL	Haifa-Bayport	0	privatization	Privatization clock	ctrl_trend	-10	-10	0	1	1.2344960040470232	1.3496554897113603e-14	0.0	36	1.0
exact	Haifa_Bayport_KL	Haifa-Bayport	0	privatization	Privatization clock	ctrl_trend	-9	-9	0	1	0.6683537346632185	8.520579761804279e-15	0.0	36	1.0
exact	Haifa_Bayport_KL	Haifa-Bayport	0	privatization	Privatization clock	ctrl_trend	-8	-8	0	1	0.10606104628647506	8.509880748089503e-15	0.0	36	1.0
exact	Haifa_Bayport_KL	Haifa-Bayport	0	privatization	Privatization clock	ctrl_trend	-7	-7	0	1	0.15147557047739868	4.782734103635532e-15	0.0	36	1.0
exact	Haifa_Bayport_KL	Haifa-Bayport	0	privatization	Privatization clock	ctrl_trend	-6	-6	0	1	-0.24306056874022186	4.4938121362732514e-15	0.0	36	1.0
exact	Haifa_Bayport_KL	Haifa-Bayport	0	privatization	Privatization clock	ctrl_trend	-5	-5	0	1	-0.4059315187275634	1.5112049195883337e-14	0.0	36	1.0
exact	Haifa_Bayport_KL	Haifa-Bayport	0	privatization	Privatization clock	ctrl_trend	-4	-4	0	1	-0.6013345862045294	1.4068485942678899e-14	0.0	36	1.0
exact	Haifa_Bayport_KL	Haifa-Bayport	0	privatization	Privatization clock	ctrl_trend	-3	-3	0	1	0.45693463138443846	1.1951965628259812e-14	0.0	36	1.0
exact	Haifa_Bayport_KL	Haifa-Bayport	0	privatization	Privatization clock	ctrl_trend	-2	-2	0	1	0.1293937115800592	9.975686973376417e-15	0.0	36	1.0
exact	Haifa_Bayport_KL	Haifa-Bayport	0	privatization	Privatization clock	ctrl_trend	-1	-1	1	1	0.0	0.0		36	1.0
exact	Haifa_Bayport_KL	Haifa-Bayport	0	privatization	Privatization clock	ctrl_trend	0	0	0	1	-0.10602962024801688	7.369673703416593e-15	0.0	36	1.0
exact	Haifa_Bayport_KL	Haifa-Bayport	0	privatization	Privatization clock	ctrl_trend	1	1	0	1	-0.05644330367503961	1.944306613801494e-14	0.0	36	1.0
exact	Haifa_Bayport_KL	Haifa-Bayport	0	privatization	Privatization clock	ctrl_trend	2	2	0	1	-0.4004732634658348	2.1788336732754547e-14	0.0	36	1.0
exact	Haifa_Bayport_KL	Haifa-Bayport	0	privatization	Privatization clock	ctrl_trend	3	3	0	1	-0.5342200857364201	1.8009987842976504e-14	0.0	36	1.0
exact	Haifa_Bayport_KL	Haifa-Bayport	0	privatization	Privatization clock	ctrl_trend	4	4	0	1	-0.5468940637182049	2.1199198416043613e-14	0.0	36	1.0
exact	Haifa_Bayport_KL	Haifa-Bayport	0	privatization	Privatization clock	ctrl_trend	5	5	0	1	-0.602567750161342	1.2936938882424865e-14	0.0	36	1.0
exact	Haifa_Bayport_KL	Haifa-Bayport	0	privatization	Privatization clock	ctrl_trend	6	6	0	1	-0.734600047131587	1.8231877741177322e-14	0.0	36	1.0
exact	Haifa_Bayport_KL	Haifa-Bayport	0	privatization	Privatization clock	ctrl_trend	7	7	0	1	-0.6506646419386503	1.4602429598900057e-14	0.0	36	1.0
exact	Haifa_Bayport_KL	Haifa-Bayport	0	privatization	Privatization clock	ctrl_trend	8	8	0	1	-0.9068740712036503	1.6559830138960824e-14	0.0	36	1.0
exact	Haifa_Bayport_KL	Haifa-Bayport	0	privatization	Privatization clock	ctrl_trend	9	9	0	1	0.44224619850871383	1.5325438156928968e-14	0.0	36	1.0
exact	Haifa_Bayport_KL	Haifa-Bayport	0	privatization	Privatization clock	ctrl_trend	10	10	0	1	0.523584390018978	6.997940418767801e-15	0.0	36	1.0
exact	Haifa_Bayport_KL	Haifa-Bayport	0	privatization	Privatization clock	ctrl_trend	11	11	0	1	0.5849121186864248	1.7876061495099322e-14	0.0	36	1.0
exact	Haifa_Bayport_KL	Haifa-Bayport	0	privatization	Privatization clock	ctrl_trend	12	12	0	1	0.3766229938521386	2.692878322348196e-14	0.0	36	1.0
exact	Haifa_Bayport_KL	Haifa-Bayport	0	privatization	Privatization clock	ctrl_trend	13	13	0	1	0.11534891369052014	7.058742584866443e-15	0.0	36	1.0
exact	Haifa_Bayport_KL	Haifa-Bayport	0	privatization	Privatization clock	ctrl_trend	14	14	0	1	-0.18959467460579615	2.3382194564734797e-14	0.0	36	1.0
exact	Haifa_Bayport_KL	Haifa-Bayport	0	privatization	Privatization clock	ctrl_trend	15	15	0	1	0.22007302246398286	4.3407092864704174e-15	0.0	36	1.0
exact	Haifa_Bayport_KL	Haifa-Bayport	0	privatization	Privatization clock	ctrl_trend	16	16	0	1	-0.3314610803706617	1.533045480774077e-14	0.0	36	1.0
exact	Haifa_Bayport_KL	Haifa-Bayport	0	privatization	Privatization clock	ctrl_trend	17	17	0	1	0.043151759898794495	5.79899578982155e-15	0.0	36	1.0
exact	Haifa_Bayport_KL	Haifa-Bayport	0	privatization	Privatization clock	ctrl_trend	18	18	0	1	-0.07755254794069355	1.642939306267889e-14	0.0	36	1.0
exact	Haifa_Bayport_KL	Haifa-Bayport	0	privatization	Privatization clock	ctrl_trend	19	19	0	1	-0.3335342787587239	6.719234794414524e-15	0.0	36	1.0
exact	Haifa_Bayport_KL	Haifa-Bayport	0	privatization	Privatization clock	ctrl_trend	20	20	0	1	-0.4145288571799268	1.4319586918785698e-14	0.0	36	1.0
exact	Haifa_Bayport_KL	Haifa-Bayport	0	privatization	Privatization clock	ctrl_trend	21	21	0	1	-0.626556091749042	1.0900157099431282e-14	0.0	36	1.0
exact	Haifa_Bayport_KL	Haifa-Bayport	0	privatization	Privatization clock	ctrl_trend	22	22	0	1	-0.6800167316079841	1.4318624999690808e-14	0.0	36	1.0
exact	Haifa_Bayport_KL	Haifa-Bayport	0	privatization	Privatization clock	ctrl_trend	23	23	0	1	-0.814295921788653	1.2111887363972113e-14	0.0	36	1.0
